30.276555, -81.509528; 30.276391, -81.509544; lot 18
30.276391, -81.509544; 30.276555, -81.509528; 30.276330, -81.512601
30.276330, -81.512601; 30.276391, -81.509544
30.276164, -81.509539; 30.276391, -81.509544; 30.275917, -81.509225
30.275917, -81.509225; 30.276164, -81.509539; 30.273810, -81.509201
30.273810, -81.509201; 30.273073, -81.509225; 30.273549, -81.508917; 30.275917, -81.509225
30.273549, -81.508917; 30.273810, -81.509201; 30.273314, -81.508941;
30.273314, -81.508941; 30.273549, -81.508917; 30.273203, -81.508316; 30.273079, -81.508930; 30.273069, -81.508785
30.273203, -81.508316; 30.273314, -81.508941; 30.273069, -81.508785; the arena; building 34
30.273079, -81.508930; 30.273073, -81.509225; 30.273314, -81.508941; 30.273069, -81.508785
30.273073, -81.509225; 30.273079, -81.508930; 30.273810, -81.509201; 30.273380, -81.509460
30.273380, -81.509460; 30.273073, -81.509225; building 61 ; gym